0 0.3232 0.8988 0.1276 0.0282
0 0.0335 0.8676 0.0335 0.0341
0 0.9864 0.8547 0.0272 0.0129
0 0.3347 0.8241 0.1381 0.0294
0 0.8923 0.8188 0.1276 0.0212
0 0.0774 0.7682 0.0628 0.0588
0 0.0146 0.7165 0.0293 0.0329
0 0.4425 0.6171 0.1444 0.0435
0 0.8755 0.5806 0.1485 0.0365
0 0.1004 0.4788 0.1590 0.0424
0 0.5251 0.4465 0.1213 0.0412
0 0.8494 0.4294 0.1088 0.0329
0 0.1987 0.3441 0.1967 0.0576
0 0.5638 0.3265 0.0941 0.0365
0 0.8473 0.3194 0.0879 0.0318
0 0.0774 0.3071 0.0544 0.0259
0 0.3410 0.2541 0.0795 0.0400
0 0.0356 0.2547 0.0711 0.0482
0 0.8358 0.2365 0.0732 0.0259
0 0.6098 0.2371 0.0941 0.0294
0 0.4027 0.1741 0.0983 0.0282
0 0.1151 0.1688 0.1046 0.0388
0 0.0701 0.1194 0.0439 0.0271
0 0.0910 0.0682 0.0439 0.0282
0 0.8661 0.0294 0.1674 0.0353
0 0.4874 0.0082 0.0377 0.0165
0 0.3556 0.0065 0.0669 0.0129
0 0.2176 0.0071 0.1590 0.0141
0 0.1088 0.0071 0.0251 0.0141
0 0.0377 0.0071 0.0753 0.0141
