0 0.9812 0.8724 0.0377 0.0247
0 0.1402 0.7818 0.1213 0.0694
0 0.7667 0.7588 0.0481 0.0259
0 0.0178 0.7353 0.0356 0.0376
0 0.8891 0.7165 0.0335 0.0447
0 0.0732 0.7059 0.1464 0.0588
0 0.6056 0.6300 0.0356 0.0176
0 0.2416 0.6265 0.0356 0.0224
0 0.4456 0.3424 0.1088 0.0165
0 0.2008 0.3176 0.0418 0.0235
0 0.0879 0.3071 0.0586 0.0494
0 0.3598 0.2165 0.0502 0.0188
0 0.2594 0.1547 0.0502 0.0106
0 0.0471 0.1694 0.0439 0.0400
0 0.0251 0.1294 0.0502 0.0235
0 0.4948 0.1088 0.0146 0.0435
0 0.4393 0.0971 0.0209 0.0318
0 0.3776 0.0812 0.0858 0.0282
0 0.3033 0.0741 0.0293 0.0259
0 0.1747 0.0794 0.1611 0.0576
0 0.3745 0.0347 0.0251 0.0318
0 0.3305 0.0235 0.0209 0.0471
0 0.2960 0.0224 0.0272 0.0447
0 0.1579 0.0200 0.2364 0.0400
