0 0.3787 0.8341 0.2720 0.1859
0 0.2406 0.7465 0.1883 0.0694
0 0.0701 0.6771 0.0565 0.0271
0 0.8483 0.6788 0.0858 0.0353
0 0.6946 0.6482 0.0335 0.0306
0 0.2500 0.4253 0.0272 0.0200
0 0.3588 0.4141 0.0230 0.0518
0 0.4195 0.3871 0.0732 0.0447
0 0.2594 0.3576 0.0586 0.0188
0 0.3923 0.3335 0.0439 0.0176
0 0.4759 0.3182 0.0272 0.0412
0 0.6025 0.3041 0.0377 0.0435
0 0.4770 0.2753 0.0418 0.0235
0 0.4142 0.2624 0.0502 0.0400
0 0.2615 0.2541 0.0879 0.0471
0 0.7887 0.2347 0.0293 0.0200
0 0.4090 0.2259 0.0690 0.0282
0 0.9791 0.1435 0.0418 0.0329
0 0.9697 0.1141 0.0607 0.0353
