0 0.2636 0.6671 0.0502 0.0212
0 0.1862 0.6341 0.0879 0.0918
0 0.8096 0.6041 0.0460 0.0365
0 0.6548 0.5053 0.0251 0.0176
0 0.3033 0.5024 0.0335 0.0235
0 0.4236 0.2335 0.0397 0.0153
0 0.3013 0.2288 0.0837 0.0153
0 0.5408 0.2106 0.0146 0.0447
0 0.1151 0.2076 0.0335 0.0482
0 0.4289 0.1882 0.1715 0.0376
0 0.1642 0.1747 0.0565 0.0129
0 0.1904 0.0665 0.0460 0.0200
0 0.8619 0.0700 0.0293 0.0576
0 0.0356 0.0565 0.0711 0.0376
0 0.3766 0.0541 0.0837 0.0565
0 0.0167 0.0306 0.0335 0.0094
0 0.5439 0.0529 0.1172 0.0682
