0 0.2709 0.6653 0.0356 0.0247
0 0.8117 0.6041 0.0418 0.0318
0 0.1914 0.6341 0.0816 0.0965
0 0.6559 0.5047 0.0230 0.0165
0 0.3044 0.5024 0.0314 0.0212
0 0.7918 0.2512 0.0397 0.0247
0 0.4728 0.2359 0.1213 0.0247
0 0.3190 0.2288 0.0816 0.0129
0 0.4414 0.1976 0.0879 0.0188
0 0.1161 0.2082 0.0272 0.0471
0 0.4728 0.1724 0.0753 0.0129
0 0.3180 0.1765 0.0335 0.0235
0 0.3724 0.0747 0.0586 0.0224
0 0.8703 0.0700 0.0251 0.0459
0 0.3347 0.0294 0.0669 0.0071
0 0.1297 0.0506 0.1004 0.0494
0 0.5031 0.0518 0.1987 0.0706
0 0.1904 0.0071 0.1213 0.0141
0 0.0335 0.0371 0.0669 0.0741
